<TICKER>,<PER>,<DATE>,<TIME>,<CLOSE>,<VOL>
EURUSD000TOD,W,20171106,0000,1.1638000,57132000
EURUSD000TOD,W,20171113,0000,1.1795500,28416000

<TICKER>,<PER>,<DATE>,<TIME>,<OPEN>,<HIGH>,<LOW>,<CLOSE>,<VOL>
POLY,1,20170620,100100,675.5000000,680.5000000,675.5000000,677.5000000,1603
POLY,1,20170620,100200,678.5000000,680.0000000,678.0000000,678.0000000,736
POLY,1,20170620,100300,678.0000000,679.5000000,678.0000000,679.0000000,56
POLY,1,20170620,100400,679.0000000,681.5000000,679.0000000,680.0000000,733
POLY,1,20170620,100500,680.0000000,681.5000000,680.0000000,681.5000000,198
POLY,1,20170620,100600,681.5000000,683.0000000,681.0000000,681.0000000,929
POLY,1,20170620,100700,681.5000000,681.5000000,681.5000000,681.5000000,100





